未经 critic 评审 —— r70 · ②③ 门控 + 下游三候选定位   [L2/宿主仿真]
deps: nhs.py@31decc8e8d07e085 clrig.py@8ad47ce8d260dd18
旧门:T_papr=15.0 T_pnpr=8.0  |  新门:T_papr_jaes=25.98(上限 27.10 −1.12) T_pnpr_jaes=8.0 邻元[-4, -3, -2, 2, 3, 4]

================================================================================================================
Part 1 · ②③ 门控(静态,同一批谱同一批候选上算两套公式,数【判定翻转】)
================================================================================================================
  T60  sd     Δ |     门前候选 |        ②旧过       ②新过       ②翻转 |        ③旧过       ③新过       ③翻转
  0.2   0   1.0 |     6000 |        114         0       114 |       2428       783      2041
  0.2   0   3.0 |     6000 |        633         0       633 |       2496      1505      1923
  0.2   1   1.0 |     6000 |        105         0       105 |       1991       632      1645
  0.2   1   3.0 |     2281 |        471         0       471 |        969       984       331
  0.2   2   1.0 |     6000 |         81         0        81 |       1948       549      1799
  0.2   2   3.0 |     6000 |        291         0       291 |       2228       951      1835
  0.5   0   1.0 |     6000 |        323         0       323 |       2020       876      1658
  0.5   0   3.0 |     6000 |        534         0       534 |       2510      1492      1840
  0.5   1   1.0 |     6000 |        332         0       332 |       1942       686      1534
  0.5   1   3.0 |     6000 |        258         0       258 |       2129      1001      1570
  0.5   2   1.0 |     6000 |        493         0       493 |       2163      1021      1522
  0.5   2   3.0 |     6000 |        385         0       385 |       2162      1083      1779
----------------------------------------------------------------------------------------------------------------
   合计           |    68281 |       4020         0      4020 |      24986     11563     19477
  PAPR_jaes 分布:max 25.37 / p99 24.01 / p95 11.18 / 中位 5.99 dB(门 25.98)
  PNPR_jaes 分布:max 44.54 / p99 29.61 / p95 16.95 / 中位 3.88 dB(门 8.0)
  ⇒ Hg1/Hg2:② 翻转 **4020** / ③ 翻转 **19477**  ⇒ 有翻转,详见上表

================================================================================================================
Part 2 · 下游三候选(A=PHPR否决 / B=NT轨表 / C=_allocate 仲裁)
================================================================================================================
  T60  sd R_RISE |     入选式   A:否决调用    A:否决数   A:否决率 |    B:轨峰    B:满 |  C:howlsC:carriedC:exhaust      挂陷
  0.2   0   18.0 |      31       31        0    0.00 |       5    375 |       21        5        0       5
  0.2   0    3.0 |      43       43        0    0.00 |       5    375 |       23        5        0       5
  0.2   1   18.0 |       6        9        0    0.00 |       4    110 |      334        3        0       1
  0.2   1    3.0 |       6        9        0    0.00 |       4    110 |      334        3        0       1
  0.2   2   18.0 |       6       24        1    0.04 |       3    375 |       23        3        0       3
  0.2   2    3.0 |      12       12        0    0.00 |       2    375 |       12        1        0       1
  0.5   0   18.0 |       0       70        0    0.00 |       5    375 |       36        3        0       1
  0.5   0    3.0 |       0       70        0    0.00 |       5    375 |       36        3        0       1
  0.5   1   18.0 |       5       57        0    0.00 |       2    375 |       38        2        0       1
  0.5   1    3.0 |       5       57        0    0.00 |       2    375 |       38        2        0       1
  0.5   2   18.0 |      19      116        2    0.02 |       4    375 |       41        4        0       1
  0.5   2    3.0 |      49      116        0    0.00 |       4    375 |       43        4        0       1

⚠ B 列旁证(r66c):活跃轨峰值 5/12 ⇒ 轨表容量先验较低,但照测(Hg5)。
⛔ 未经 critic 评审;本文件不含结论性判读。
